0.000000, 0.000000, 0.010935
0.010000, 0.010000, 0.018510
0.020000, 0.019999, 0.026085
0.030000, 0.029996, 0.033660
0.040000, 0.039989, 0.041235
0.050000, 0.049979, 0.048810
0.060000, 0.059964, 0.056385
0.070000, 0.069943, 0.063960
0.080000, 0.079915, 0.071535
0.090000, 0.089879, 0.079109
0.100000, 0.099833, 0.086684
0.110000, 0.109778, 0.094259
0.120000, 0.119712, 0.101834
0.130000, 0.129634, 0.109409
0.140000, 0.139543, 0.116984
0.150000, 0.149438, 0.124559
0.160000, 0.159318, 0.134725
0.170000, 0.169182, 0.152145
0.180000, 0.179030, 0.168262
0.190000, 0.188859, 0.178088
0.200000, 0.198669, 0.187913
0.210000, 0.208460, 0.197739
0.220000, 0.218230, 0.207564
0.230000, 0.227978, 0.217390
0.240000, 0.237703, 0.227215
0.250000, 0.247404, 0.237041
0.260000, 0.257081, 0.246866
0.270000, 0.266731, 0.256692
0.280000, 0.276356, 0.266517
0.290000, 0.285952, 0.276343
0.300000, 0.295520, 0.286168
0.310000, 0.305059, 0.295994
0.320000, 0.314567, 0.305819
0.330000, 0.324043, 0.315645
0.340000, 0.333487, 0.325708
0.350000, 0.342898, 0.336154
0.360000, 0.352274, 0.346600
0.370000, 0.361615, 0.357046
0.380000, 0.370920, 0.367492
0.390000, 0.380188, 0.377938
0.400000, 0.389418, 0.388385
0.410000, 0.398609, 0.398831
0.420000, 0.407760, 0.409277
0.430000, 0.416871, 0.419723
0.440000, 0.425939, 0.430169
0.450000, 0.434966, 0.440615
0.460000, 0.443948, 0.451061
0.470000, 0.452886, 0.461507
0.480000, 0.461779, 0.471953
0.490000, 0.470626, 0.482399
0.500000, 0.479426, 0.492846
0.510000, 0.488177, 0.503292
0.520000, 0.496880, 0.513738
0.530000, 0.505533, 0.524184
0.540000, 0.514136, 0.534630
0.550000, 0.522687, 0.545076
0.560000, 0.531186, 0.555522
0.570000, 0.539632, 0.565968
0.580000, 0.548024, 0.576414
0.590000, 0.556361, 0.586860
0.600000, 0.564642, 0.597307
0.610000, 0.572867, 0.603973
0.620000, 0.581035, 0.609902
0.630000, 0.589145, 0.615830
0.640000, 0.597195, 0.621759
0.650000, 0.605186, 0.627688
0.660000, 0.613117, 0.633617
0.670000, 0.620986, 0.639546
0.680000, 0.628793, 0.645474
0.690000, 0.636537, 0.651403
0.700000, 0.644218, 0.657332
0.710000, 0.651834, 0.663261
0.720000, 0.659385, 0.669190
0.730000, 0.666870, 0.675118
0.740000, 0.674288, 0.681047
0.750000, 0.681639, 0.686976
0.760000, 0.688921, 0.692905
0.770000, 0.696135, 0.698834
0.780000, 0.703279, 0.704762
0.790000, 0.710353, 0.710691
0.800000, 0.717356, 0.716620
0.810000, 0.724287, 0.722549
0.820000, 0.731146, 0.728478
0.830000, 0.737931, 0.734407
0.840000, 0.744643, 0.740335
0.850000, 0.751280, 0.746264
0.860000, 0.757843, 0.752193
0.870000, 0.764329, 0.758122
0.880000, 0.770739, 0.764051
0.890000, 0.777072, 0.769979
0.900000, 0.783327, 0.775908
0.910000, 0.789504, 0.781837
0.920000, 0.795602, 0.787766
0.930000, 0.801620, 0.793695
0.940000, 0.807558, 0.799623
0.950000, 0.813416, 0.805552
0.960000, 0.819192, 0.811481
0.970000, 0.824886, 0.817410
0.980000, 0.830497, 0.823339
0.990000, 0.836026, 0.829267
1.000000, 0.841471, 0.835196
1.010000, 0.846832, 0.841125
1.020000, 0.852108, 0.847054
1.030000, 0.857299, 0.852983
1.040000, 0.862404, 0.858912
1.050000, 0.867423, 0.864840
1.060000, 0.872355, 0.870769
1.070000, 0.877201, 0.876698
1.080000, 0.881958, 0.882627
1.090000, 0.886627, 0.888556
1.100000, 0.891207, 0.894484
1.110000, 0.895699, 0.899578
1.120000, 0.900100, 0.904471
1.130000, 0.904412, 0.909364
1.140000, 0.908633, 0.914257
1.150000, 0.912764, 0.919150
1.160000, 0.916803, 0.924043
1.170000, 0.920751, 0.928936
1.180000, 0.924606, 0.933829
1.190000, 0.928369, 0.938722
1.200000, 0.932039, 0.943615
1.210000, 0.935616, 0.948508
1.220000, 0.939099, 0.953401
1.230000, 0.942489, 0.958294
1.240000, 0.945784, 0.963187
1.250000, 0.948985, 0.968080
1.260000, 0.952090, 0.972973
1.270000, 0.955101, 0.977866
1.280000, 0.958016, 0.982759
1.290000, 0.960835, 0.989534
1.300000, 0.963558, 0.998586
1.310000, 0.966185, 1.000000
1.320000, 0.968715, 1.000000
1.330000, 0.971148, 1.000000
1.340000, 0.973485, 1.000000
1.350000, 0.975723, 1.000000
1.360000, 0.977865, 1.000000
1.370000, 0.979908, 1.000000
1.380000, 0.981854, 1.000000
1.390000, 0.983701, 1.000000
1.400000, 0.985450, 1.000000
1.410000, 0.987100, 1.000000
1.420000, 0.988652, 1.000000
1.430000, 0.990105, 1.000000
1.440000, 0.991458, 1.000000
1.450000, 0.992713, 1.000000
1.460000, 0.993868, 1.000000
1.470000, 0.994924, 1.000000
1.480000, 0.995881, 1.000000
1.490000, 0.996738, 1.000000
1.500000, 0.997495, 1.000000
1.510000, 0.998152, 1.000000
1.520000, 0.998710, 1.000000
1.530000, 0.999168, 1.000000
1.540000, 0.999526, 1.000000
1.550000, 0.999784, 1.000000
1.560000, 0.999942, 1.000000
1.570000, 1.000000, 1.000000
1.580000, 0.999958, 1.000000
1.590000, 0.999816, 1.000000
1.600000, 0.999574, 1.000000
1.610000, 0.999232, 1.000000
1.620000, 0.998790, 1.000000
1.630000, 0.998248, 1.000000
1.640000, 0.997606, 1.000000
1.650000, 0.996865, 1.000000
1.660000, 0.996024, 1.000000
1.670000, 0.995083, 1.000000
1.680000, 0.994043, 1.000000
1.690000, 0.992904, 1.000000
1.700000, 0.991665, 1.000000
1.710000, 0.990327, 1.000000
1.720000, 0.988890, 1.000000
1.730000, 0.987354, 1.000000
1.740000, 0.985719, 1.000000
1.750000, 0.983986, 1.000000
1.760000, 0.982154, 1.000000
1.770000, 0.980224, 1.000000
1.780000, 0.978197, 1.000000
1.790000, 0.976071, 1.000000
1.800000, 0.973848, 1.000000
1.810000, 0.971527, 1.000000
1.820000, 0.969109, 1.000000
1.830000, 0.966594, 1.000000
1.840000, 0.963983, 1.000000
1.850000, 0.961275, 1.000000
1.860000, 0.958471, 1.000000
1.870000, 0.955572, 1.000000
1.880000, 0.952576, 1.000000
1.890000, 0.949486, 1.000000
1.900000, 0.946300, 1.000000
1.910000, 0.943020, 1.000000
1.920000, 0.939645, 1.000000
1.930000, 0.936177, 1.000000
1.940000, 0.932615, 0.998244
1.950000, 0.928960, 0.991131
1.960000, 0.925212, 0.984018
1.970000, 0.921371, 0.976905
1.980000, 0.917438, 0.969792
1.990000, 0.913413, 0.962679
2.000000, 0.909297, 0.955566
2.010000, 0.905091, 0.948453
2.020000, 0.900793, 0.941339
2.030000, 0.896406, 0.934226
2.040000, 0.891929, 0.927113
2.050000, 0.887362, 0.920000
2.060000, 0.882707, 0.912887
2.070000, 0.877964, 0.905774
2.080000, 0.873133, 0.898661
2.090000, 0.868215, 0.891547
2.100000, 0.863209, 0.884434
2.110000, 0.858118, 0.877321
2.120000, 0.852940, 0.870208
2.130000, 0.847678, 0.863095
2.140000, 0.842330, 0.855982
2.150000, 0.836899, 0.848869
2.160000, 0.831383, 0.841755
2.170000, 0.825785, 0.834642
2.180000, 0.820104, 0.827529
2.190000, 0.814341, 0.820416
2.200000, 0.808496, 0.813303
2.210000, 0.802571, 0.806190
2.220000, 0.796565, 0.799077
2.230000, 0.790480, 0.791963
2.240000, 0.784316, 0.784850
2.250000, 0.778073, 0.777737
2.260000, 0.771753, 0.770624
2.270000, 0.765355, 0.763511
2.280000, 0.758881, 0.756398
2.290000, 0.752331, 0.749285
2.300000, 0.745705, 0.742171
2.310000, 0.739005, 0.735058
2.320000, 0.732231, 0.727945
2.330000, 0.725384, 0.720832
2.340000, 0.718465, 0.713719
2.350000, 0.711473, 0.706606
2.360000, 0.704411, 0.699493
2.370000, 0.697278, 0.692379
2.380000, 0.690075, 0.685266
2.390000, 0.682803, 0.678153
2.400000, 0.675463, 0.671040
2.410000, 0.668056, 0.663927
2.420000, 0.660581, 0.656814
2.430000, 0.653041, 0.649701
2.440000, 0.645435, 0.642587
2.450000, 0.637765, 0.635474
2.460000, 0.630031, 0.628361
2.470000, 0.622234, 0.621248
2.480000, 0.614374, 0.614135
2.490000, 0.606454, 0.607022
2.500000, 0.598472, 0.599909
2.510000, 0.590431, 0.592795
2.520000, 0.582331, 0.585682
2.530000, 0.574172, 0.578569
2.540000, 0.565956, 0.570505
2.550000, 0.557684, 0.562063
2.560000, 0.549355, 0.553621
2.570000, 0.540972, 0.545179
2.580000, 0.532535, 0.536737
2.590000, 0.524044, 0.528294
2.600000, 0.515501, 0.519852
2.610000, 0.506907, 0.510546
2.620000, 0.498262, 0.500928
2.630000, 0.489567, 0.491310
2.640000, 0.480823, 0.481692
2.650000, 0.472031, 0.472074
2.660000, 0.463191, 0.462456
2.670000, 0.454306, 0.452838
2.680000, 0.445375, 0.443220
2.690000, 0.436399, 0.433602
2.700000, 0.427380, 0.423984
2.710000, 0.418318, 0.414366
2.720000, 0.409214, 0.404748
2.730000, 0.400069, 0.395130
2.740000, 0.390885, 0.385512
2.750000, 0.381661, 0.375893
2.760000, 0.372399, 0.366275
2.770000, 0.363100, 0.356657
2.780000, 0.353764, 0.347039
2.790000, 0.344393, 0.337421
2.800000, 0.334988, 0.327803
2.810000, 0.325549, 0.318185
2.820000, 0.316078, 0.308567
2.830000, 0.306575, 0.298949
2.840000, 0.297041, 0.289331
2.850000, 0.287478, 0.279713
2.860000, 0.277886, 0.270095
2.870000, 0.268266, 0.260477
2.880000, 0.258619, 0.250859
2.890000, 0.248947, 0.241241
2.900000, 0.239249, 0.231623
2.910000, 0.229528, 0.222005
2.920000, 0.219784, 0.212386
2.930000, 0.210017, 0.202768
2.940000, 0.200230, 0.193150
2.950000, 0.190423, 0.183532
2.960000, 0.180596, 0.173914
2.970000, 0.170752, 0.164296
2.980000, 0.160890, 0.154678
2.990000, 0.151013, 0.145060
3.000000, 0.141120, 0.135442
3.010000, 0.131213, 0.125824
3.020000, 0.121293, 0.116206
3.030000, 0.111361, 0.106588
3.040000, 0.101418, 0.096970
3.050000, 0.091465, 0.087352
3.060000, 0.081502, 0.077734
3.070000, 0.071532, 0.068116
3.080000, 0.061554, 0.058498
3.090000, 0.051570, 0.048879
3.100000, 0.041581, 0.039261
3.110000, 0.031587, 0.029643
3.120000, 0.021591, 0.020025
3.130000, 0.011592, 0.010407
3.140000, 0.001593, 0.000789
3.150000, -0.008407, -0.008829
3.160000, -0.018406, -0.018447
3.170000, -0.028404, -0.028065
3.180000, -0.038398, -0.037683
3.190000, -0.048388, -0.047301
3.200000, -0.058374, -0.056919
3.210000, -0.068354, -0.066537
3.220000, -0.078327, -0.076155
3.230000, -0.088292, -0.085773
3.240000, -0.098249, -0.095391
3.250000, -0.108195, -0.105009
3.260000, -0.118131, -0.114628
3.270000, -0.128055, -0.124246
3.280000, -0.137966, -0.133864
3.290000, -0.147863, -0.143482
3.300000, -0.157746, -0.153100
3.310000, -0.167612, -0.162718
3.320000, -0.177462, -0.172336
3.330000, -0.187295, -0.181954
3.340000, -0.197108, -0.191572
3.350000, -0.206902, -0.201190
3.360000, -0.216675, -0.210808
3.370000, -0.226427, -0.220426
3.380000, -0.236155, -0.230044
3.390000, -0.245861, -0.239662
3.400000, -0.255541, -0.249280
3.410000, -0.265196, -0.258898
3.420000, -0.274825, -0.268516
3.430000, -0.284426, -0.278135
3.440000, -0.293998, -0.287753
3.450000, -0.303542, -0.297371
3.460000, -0.313054, -0.306989
3.470000, -0.322536, -0.316607
3.480000, -0.331985, -0.326225
3.490000, -0.341401, -0.335843
3.500000, -0.350783, -0.345461
3.510000, -0.360130, -0.355079
3.520000, -0.369441, -0.364697
3.530000, -0.378715, -0.374315
3.540000, -0.387951, -0.383933
3.550000, -0.397148, -0.393551
3.560000, -0.406306, -0.403169
3.570000, -0.415423, -0.412787
3.580000, -0.424498, -0.422405
3.590000, -0.433531, -0.432023
3.600000, -0.442520, -0.441642
3.610000, -0.451466, -0.451260
3.620000, -0.460366, -0.460878
3.630000, -0.469220, -0.470496
3.640000, -0.478027, -0.480114
3.650000, -0.486787, -0.489732
3.660000, -0.495497, -0.499350
3.670000, -0.504159, -0.508968
3.680000, -0.512769, -0.518586
3.690000, -0.521329, -0.528204
3.700000, -0.529836, -0.537822
3.710000, -0.538291, -0.547440
3.720000, -0.546691, -0.557058
3.730000, -0.555037, -0.566676
3.740000, -0.563327, -0.576294
3.750000, -0.571561, -0.585912
3.760000, -0.579738, -0.595530
3.770000, -0.587857, -0.605149
3.780000, -0.595917, -0.614767
3.790000, -0.603918, -0.624385
3.800000, -0.611858, -0.632559
3.810000, -0.619737, -0.638338
3.820000, -0.627554, -0.644118
3.830000, -0.635308, -0.649897
3.840000, -0.642999, -0.655676
3.850000, -0.650625, -0.661455
3.860000, -0.658186, -0.667235
3.870000, -0.665682, -0.673014
3.880000, -0.673111, -0.678793
3.890000, -0.680473, -0.684572
3.900000, -0.687766, -0.690351
3.910000, -0.694991, -0.696131
3.920000, -0.702146, -0.701910
3.930000, -0.709231, -0.707689
3.940000, -0.716246, -0.713468
3.950000, -0.723188, -0.719248
3.960000, -0.730058, -0.725027
3.970000, -0.736856, -0.730806
3.980000, -0.743579, -0.736585
3.990000, -0.750228, -0.742364
4.000000, -0.756802, -0.748144
4.010000, -0.763301, -0.753923
4.020000, -0.769723, -0.759702
4.030000, -0.776068, -0.765481
4.040000, -0.782336, -0.771260
4.050000, -0.788525, -0.777040
4.060000, -0.794636, -0.782819
4.070000, -0.800667, -0.788598
4.080000, -0.806618, -0.794377
4.090000, -0.812488, -0.800157
4.100000, -0.818277, -0.805936
4.110000, -0.823984, -0.811715
4.120000, -0.829609, -0.817494
4.130000, -0.835151, -0.823273
4.140000, -0.840609, -0.829053
4.150000, -0.845984, -0.834832
4.160000, -0.851273, -0.840611
4.170000, -0.856478, -0.846390
4.180000, -0.861597, -0.852170
4.190000, -0.866630, -0.857949
4.200000, -0.871576, -0.863728
4.210000, -0.876435, -0.869507
4.220000, -0.881206, -0.875286
4.230000, -0.885889, -0.881066
4.240000, -0.890484, -0.886845
4.250000, -0.894989, -0.892624
4.260000, -0.899405, -0.898403
4.270000, -0.903732, -0.904183
4.280000, -0.907967, -0.909962
4.290000, -0.912112, -0.915741
4.300000, -0.916166, -0.921520
4.310000, -0.920128, -0.927299
4.320000, -0.923998, -0.933079
4.330000, -0.927776, -0.938858
4.340000, -0.931461, -0.944637
4.350000, -0.935053, -0.950416
4.360000, -0.938551, -0.956196
4.370000, -0.941955, -0.961975
4.380000, -0.945266, -0.967754
4.390000, -0.948481, -0.973533
4.400000, -0.951602, -0.979312
4.410000, -0.954628, -0.985092
4.420000, -0.957558, -0.990871
4.430000, -0.960392, -0.996650
4.440000, -0.963131, -1.000000
4.450000, -0.965773, -1.000000
4.460000, -0.968319, -1.000000
4.470000, -0.970767, -1.000000
4.480000, -0.973119, -1.000000
4.490000, -0.975373, -1.000000
4.500000, -0.977530, -1.000000
4.510000, -0.979589, -1.000000
4.520000, -0.981550, -1.000000
4.530000, -0.983413, -1.000000
4.540000, -0.985178, -1.000000
4.550000, -0.986844, -1.000000
4.560000, -0.988411, -1.000000
4.570000, -0.989880, -1.000000
4.580000, -0.991249, -1.000000
4.590000, -0.992520, -1.000000
4.600000, -0.993691, -1.000000
4.610000, -0.994763, -1.000000
4.620000, -0.995735, -1.000000
4.630000, -0.996608, -1.000000
4.640000, -0.997381, -1.000000
4.650000, -0.998054, -1.000000
4.660000, -0.998628, -1.000000
4.670000, -0.999102, -1.000000
4.680000, -0.999476, -1.000000
4.690000, -0.999749, -1.000000
4.700000, -0.999923, -1.000000
4.710000, -0.999997, -1.000000
4.720000, -0.999971, -1.000000
4.730000, -0.999845, -1.000000
4.740000, -0.999619, -1.000000
4.750000, -0.999293, -1.000000
4.760000, -0.998867, -1.000000
4.770000, -0.998341, -1.000000
4.780000, -0.997715, -1.000000
4.790000, -0.996990, -1.000000
4.800000, -0.996165, -1.000000
4.810000, -0.995240, -1.000000
4.820000, -0.994216, -1.000000
4.830000, -0.993092, -1.000000
4.840000, -0.991869, -1.000000
4.850000, -0.990547, -1.000000
4.860000, -0.989125, -1.000000
4.870000, -0.987605, -1.000000
4.880000, -0.985986, -1.000000
4.890000, -0.984269, -1.000000
4.900000, -0.982453, -1.000000
4.910000, -0.980538, -1.000000
4.920000, -0.978526, -1.000000
4.930000, -0.976416, -1.000000
4.940000, -0.974208, -1.000000
4.950000, -0.971903, -1.000000
4.960000, -0.969501, -1.000000
4.970000, -0.967001, -1.000000
4.980000, -0.964405, -1.000000
4.990000, -0.961713, -1.000000
5.000000, -0.958924, -1.000000
5.010000, -0.956040, -1.000000
5.020000, -0.953060, -0.999963
5.030000, -0.949984, -0.994006
5.040000, -0.946814, -0.988049
5.050000, -0.943549, -0.982092
5.060000, -0.940189, -0.976135
5.070000, -0.936736, -0.970178
5.080000, -0.933189, -0.964221
5.090000, -0.929548, -0.958263
5.100000, -0.925815, -0.952306
5.110000, -0.921989, -0.946349
5.120000, -0.918070, -0.940392
5.130000, -0.914060, -0.934435
5.140000, -0.909959, -0.928478
5.150000, -0.905767, -0.922521
5.160000, -0.901484, -0.916564
5.170000, -0.897111, -0.910606
5.180000, -0.892648, -0.904649
5.190000, -0.888096, -0.898692
5.200000, -0.883455, -0.892735
5.210000, -0.878725, -0.886778
5.220000, -0.873908, -0.880821
5.230000, -0.869004, -0.874864
5.240000, -0.864012, -0.868907
5.250000, -0.858934, -0.862949
5.260000, -0.853771, -0.856992
5.270000, -0.848522, -0.851035
5.280000, -0.843188, -0.845078
5.290000, -0.837769, -0.839121
5.300000, -0.832267, -0.833164
5.310000, -0.826682, -0.827207
5.320000, -0.821014, -0.821250
5.330000, -0.815264, -0.815292
5.340000, -0.809433, -0.809335
5.350000, -0.803520, -0.803378
5.360000, -0.797527, -0.797421
5.370000, -0.791455, -0.791464
5.380000, -0.785303, -0.785507
5.390000, -0.779073, -0.779550
5.400000, -0.772764, -0.773593
5.410000, -0.766379, -0.767635
5.420000, -0.759917, -0.760820
5.430000, -0.753379, -0.752852
5.440000, -0.746765, -0.744883
5.450000, -0.740077, -0.736915
5.460000, -0.733315, -0.728947
5.470000, -0.726480, -0.720979
5.480000, -0.719572, -0.713010
5.490000, -0.712592, -0.705042
5.500000, -0.705540, -0.697074
5.510000, -0.698418, -0.689105
5.520000, -0.691227, -0.681137
5.530000, -0.683966, -0.673169
5.540000, -0.676637, -0.665201
5.550000, -0.669240, -0.657232
5.560000, -0.661776, -0.649264
5.570000, -0.654246, -0.641296
5.580000, -0.646651, -0.633327
5.590000, -0.638991, -0.625359
5.600000, -0.631267, -0.617391
5.610000, -0.623480, -0.609422
5.620000, -0.615630, -0.601454
5.630000, -0.607719, -0.593486
5.640000, -0.599747, -0.585518
5.650000, -0.591716, -0.577549
5.660000, -0.583625, -0.569581
5.670000, -0.575475, -0.561613
5.680000, -0.567269, -0.553644
5.690000, -0.559005, -0.545676
5.700000, -0.550686, -0.537708
5.710000, -0.542311, -0.529740
5.720000, -0.533882, -0.521771
5.730000, -0.525400, -0.513803
5.740000, -0.516865, -0.505835
5.750000, -0.508279, -0.497866
5.760000, -0.499642, -0.489898
5.770000, -0.490955, -0.481930
5.780000, -0.482218, -0.473961
5.790000, -0.473434, -0.465993
5.800000, -0.464602, -0.458025
5.810000, -0.455724, -0.450057
5.820000, -0.446800, -0.442088
5.830000, -0.437832, -0.434120
5.840000, -0.428819, -0.426152
5.850000, -0.419764, -0.418183
5.860000, -0.410667, -0.410215
5.870000, -0.401529, -0.402247
5.880000, -0.392350, -0.394279
5.890000, -0.383133, -0.386310
5.900000, -0.373877, -0.378342
5.910000, -0.364583, -0.370374
5.920000, -0.355254, -0.362405
5.930000, -0.345888, -0.354437
5.940000, -0.336488, -0.346469
5.950000, -0.327055, -0.338500
5.960000, -0.317589, -0.330532
5.970000, -0.308091, -0.322564
5.980000, -0.298562, -0.314596
5.990000, -0.289003, -0.306627
6.000000, -0.279415, -0.298659
6.010000, -0.269800, -0.290691
6.020000, -0.260157, -0.282722
6.030000, -0.250489, -0.274754
6.040000, -0.240795, -0.266786
6.050000, -0.231078, -0.258818
6.060000, -0.221337, -0.250849
6.070000, -0.211574, -0.242881
6.080000, -0.201790, -0.234913
6.090000, -0.191986, -0.226944
6.100000, -0.182163, -0.218976
6.110000, -0.172321, -0.211008
6.120000, -0.162462, -0.203039
6.130000, -0.152587, -0.195071
6.140000, -0.142697, -0.187103
6.150000, -0.132792, -0.179135
6.160000, -0.122874, -0.171166
6.170000, -0.112944, -0.163198
6.180000, -0.103002, -0.155230
6.190000, -0.093051, -0.147261
6.200000, -0.083089, -0.139293
6.210000, -0.073120, -0.131325
6.220000, -0.063143, -0.123357
6.230000, -0.053160, -0.115388
6.240000, -0.043172, -0.107420
6.250000, -0.033179, -0.099452
6.260000, -0.023183, -0.091483
6.270000, -0.013185, -0.083515
6.280000, -0.003185, -0.075547