0.000000, 0.000000, 0.024696
0.010000, 0.010000, 0.029832
0.020000, 0.019999, 0.036346
0.030000, 0.029996, 0.044382
0.040000, 0.039989, 0.052418
0.050000, 0.049979, 0.060454
0.060000, 0.059964, 0.068490
0.070000, 0.069943, 0.076526
0.080000, 0.079915, 0.084562
0.090000, 0.089879, 0.092598
0.100000, 0.099833, 0.100634
0.110000, 0.109778, 0.108670
0.120000, 0.119712, 0.116706
0.130000, 0.129634, 0.124742
0.140000, 0.139543, 0.132778
0.150000, 0.149438, 0.140814
0.160000, 0.159318, 0.148850
0.170000, 0.169182, 0.156885
0.180000, 0.179030, 0.165274
0.190000, 0.188859, 0.173823
0.200000, 0.198669, 0.182371
0.210000, 0.208460, 0.190920
0.220000, 0.218230, 0.199469
0.230000, 0.227978, 0.208017
0.240000, 0.237703, 0.216566
0.250000, 0.247404, 0.225824
0.260000, 0.257081, 0.235346
0.270000, 0.266731, 0.244869
0.280000, 0.276356, 0.254391
0.290000, 0.285952, 0.263913
0.300000, 0.295520, 0.273436
0.310000, 0.305059, 0.282958
0.320000, 0.314567, 0.292481
0.330000, 0.324043, 0.302003
0.340000, 0.333487, 0.311525
0.350000, 0.342898, 0.321048
0.360000, 0.352274, 0.330570
0.370000, 0.361615, 0.340092
0.380000, 0.370920, 0.349615
0.390000, 0.380188, 0.359137
0.400000, 0.389418, 0.368660
0.410000, 0.398609, 0.378182
0.420000, 0.407760, 0.387704
0.430000, 0.416871, 0.397227
0.440000, 0.425939, 0.406749
0.450000, 0.434966, 0.416271
0.460000, 0.443948, 0.425794
0.470000, 0.452886, 0.435316
0.480000, 0.461779, 0.444839
0.490000, 0.470626, 0.454361
0.500000, 0.479426, 0.463883
0.510000, 0.488177, 0.473406
0.520000, 0.496880, 0.482928
0.530000, 0.505533, 0.492450
0.540000, 0.514136, 0.501246
0.550000, 0.522687, 0.508932
0.560000, 0.531186, 0.516619
0.570000, 0.539632, 0.524305
0.580000, 0.548024, 0.531992
0.590000, 0.556361, 0.539678
0.600000, 0.564642, 0.547365
0.610000, 0.572867, 0.555052
0.620000, 0.581035, 0.562738
0.630000, 0.589145, 0.570425
0.640000, 0.597195, 0.578111
0.650000, 0.605186, 0.585798
0.660000, 0.613117, 0.593479
0.670000, 0.620986, 0.601099
0.680000, 0.628793, 0.608719
0.690000, 0.636537, 0.616338
0.700000, 0.644218, 0.623958
0.710000, 0.651834, 0.631578
0.720000, 0.659385, 0.639198
0.730000, 0.666870, 0.646817
0.740000, 0.674288, 0.654437
0.750000, 0.681639, 0.662057
0.760000, 0.688921, 0.669676
0.770000, 0.696135, 0.677296
0.780000, 0.703279, 0.684916
0.790000, 0.710353, 0.692536
0.800000, 0.717356, 0.700155
0.810000, 0.724287, 0.707775
0.820000, 0.731146, 0.715395
0.830000, 0.737931, 0.723014
0.840000, 0.744643, 0.730634
0.850000, 0.751280, 0.738254
0.860000, 0.757843, 0.745874
0.870000, 0.764329, 0.753493
0.880000, 0.770739, 0.761113
0.890000, 0.777072, 0.768733
0.900000, 0.783327, 0.776352
0.910000, 0.789504, 0.783972
0.920000, 0.795602, 0.791592
0.930000, 0.801620, 0.799212
0.940000, 0.807558, 0.806831
0.950000, 0.813416, 0.814451
0.960000, 0.819192, 0.822071
0.970000, 0.824886, 0.829690
0.980000, 0.830497, 0.837310
0.990000, 0.836026, 0.844930
1.000000, 0.841471, 0.852550
1.010000, 0.846832, 0.858935
1.020000, 0.852108, 0.862410
1.030000, 0.857299, 0.867298
1.040000, 0.862404, 0.872975
1.050000, 0.867423, 0.878652
1.060000, 0.872355, 0.884329
1.070000, 0.877201, 0.890006
1.080000, 0.881958, 0.895683
1.090000, 0.886627, 0.901359
1.100000, 0.891207, 0.907036
1.110000, 0.895699, 0.912713
1.120000, 0.900100, 0.918390
1.130000, 0.904412, 0.923400
1.140000, 0.908633, 0.926263
1.150000, 0.912764, 0.929126
1.160000, 0.916803, 0.931989
1.170000, 0.920751, 0.934852
1.180000, 0.924606, 0.937715
1.190000, 0.928369, 0.940578
1.200000, 0.932039, 0.943441
1.210000, 0.935616, 0.943431
1.220000, 0.939099, 0.942858
1.230000, 0.942489, 0.942285
1.240000, 0.945784, 0.941712
1.250000, 0.948985, 0.941139
1.260000, 0.952090, 0.940566
1.270000, 0.955101, 0.939993
1.280000, 0.958016, 0.941672
1.290000, 0.960835, 0.943965
1.300000, 0.963558, 0.946257
1.310000, 0.966185, 0.948550
1.320000, 0.968715, 0.950842
1.330000, 0.971148, 0.953134
1.340000, 0.973485, 0.955427
1.350000, 0.975723, 0.957719
1.360000, 0.977865, 0.959877
1.370000, 0.979908, 0.963222
1.380000, 0.981854, 0.966596
1.390000, 0.983701, 0.969970
1.400000, 0.985450, 0.973343
1.410000, 0.987100, 0.976717
1.420000, 0.988652, 0.980091
1.430000, 0.990105, 0.983464
1.440000, 0.991458, 0.986838
1.450000, 0.992713, 0.990212
1.460000, 0.993868, 0.992637
1.470000, 0.994924, 0.993766
1.480000, 0.995881, 0.994895
1.490000, 0.996738, 0.996024
1.500000, 0.997495, 0.997153
1.510000, 0.998152, 0.998281
1.520000, 0.998710, 0.999410
1.530000, 0.999168, 1.000000
1.540000, 0.999526, 1.000000
1.550000, 0.999784, 1.000000
1.560000, 0.999942, 1.000000
1.570000, 1.000000, 1.000000
1.580000, 0.999958, 1.000000
1.590000, 0.999816, 1.000000
1.600000, 0.999574, 1.000000
1.610000, 0.999232, 1.000000
1.620000, 0.998790, 1.000000
1.630000, 0.998248, 1.000000
1.640000, 0.997606, 1.000000
1.650000, 0.996865, 1.000000
1.660000, 0.996024, 1.000000
1.670000, 0.995083, 1.000000
1.680000, 0.994043, 1.000000
1.690000, 0.992904, 1.000000
1.700000, 0.991665, 1.000000
1.710000, 0.990327, 1.000000
1.720000, 0.988890, 1.000000
1.730000, 0.987354, 1.000000
1.740000, 0.985719, 1.000000
1.750000, 0.983986, 1.000000
1.760000, 0.982154, 1.000000
1.770000, 0.980224, 1.000000
1.780000, 0.978197, 1.000000
1.790000, 0.976071, 1.000000
1.800000, 0.973848, 1.000000
1.810000, 0.971527, 1.000000
1.820000, 0.969109, 0.996563
1.830000, 0.966594, 0.991320
1.840000, 0.963983, 0.986077
1.850000, 0.961275, 0.980834
1.860000, 0.958471, 0.975591
1.870000, 0.955572, 0.970348
1.880000, 0.952576, 0.965105
1.890000, 0.949486, 0.959861
1.900000, 0.946300, 0.954618
1.910000, 0.943020, 0.949375
1.920000, 0.939645, 0.944132
1.930000, 0.936177, 0.938889
1.940000, 0.932615, 0.933646
1.950000, 0.928960, 0.928403
1.960000, 0.925212, 0.923160
1.970000, 0.921371, 0.917917
1.980000, 0.917438, 0.912674
1.990000, 0.913413, 0.907431
2.000000, 0.909297, 0.902187
2.010000, 0.905091, 0.898354
2.020000, 0.900793, 0.896881
2.030000, 0.896406, 0.895409
2.040000, 0.891929, 0.893936
2.050000, 0.887362, 0.892464
2.060000, 0.882707, 0.890991
2.070000, 0.877964, 0.889519
2.080000, 0.873133, 0.888046
2.090000, 0.868215, 0.886574
2.100000, 0.863209, 0.885101
2.110000, 0.858118, 0.881387
2.120000, 0.852940, 0.875022
2.130000, 0.847678, 0.868656
2.140000, 0.842330, 0.862291
2.150000, 0.836899, 0.855925
2.160000, 0.831383, 0.849560
2.170000, 0.825785, 0.843194
2.180000, 0.820104, 0.836829
2.190000, 0.814341, 0.830463
2.200000, 0.808496, 0.824098
2.210000, 0.802571, 0.817732
2.220000, 0.796565, 0.811367
2.230000, 0.790480, 0.805001
2.240000, 0.784316, 0.798636
2.250000, 0.778073, 0.792270
2.260000, 0.771753, 0.785905
2.270000, 0.765355, 0.779539
2.280000, 0.758881, 0.773174
2.290000, 0.752331, 0.766808
2.300000, 0.745705, 0.760443
2.310000, 0.739005, 0.754077
2.320000, 0.732231, 0.747712
2.330000, 0.725384, 0.741346
2.340000, 0.718465, 0.734981
2.350000, 0.711473, 0.728615
2.360000, 0.704411, 0.722250
2.370000, 0.697278, 0.715884
2.380000, 0.690075, 0.709519
2.390000, 0.682803, 0.701804
2.400000, 0.675463, 0.693826
2.410000, 0.668056, 0.685849
2.420000, 0.660581, 0.677871
2.430000, 0.653041, 0.669894
2.440000, 0.645435, 0.661917
2.450000, 0.637765, 0.653939
2.460000, 0.630031, 0.645962
2.470000, 0.622234, 0.637984
2.480000, 0.614374, 0.630007
2.490000, 0.606454, 0.622030
2.500000, 0.598472, 0.614052
2.510000, 0.590431, 0.606075
2.520000, 0.582331, 0.599448
2.530000, 0.574172, 0.593587
2.540000, 0.565956, 0.586452
2.550000, 0.557684, 0.579253
2.560000, 0.549355, 0.572053
2.570000, 0.540972, 0.564853
2.580000, 0.532535, 0.557654
2.590000, 0.524044, 0.550454
2.600000, 0.515501, 0.543254
2.610000, 0.506907, 0.536055
2.620000, 0.498262, 0.528855
2.630000, 0.489567, 0.521655
2.640000, 0.480823, 0.514456
2.650000, 0.472031, 0.507256
2.660000, 0.463191, 0.500057
2.670000, 0.454306, 0.492857
2.680000, 0.445375, 0.482195
2.690000, 0.436399, 0.471219
2.700000, 0.427380, 0.460242
2.710000, 0.418318, 0.449265
2.720000, 0.409214, 0.438289
2.730000, 0.400069, 0.427312
2.740000, 0.390885, 0.416335
2.750000, 0.381661, 0.405358
2.760000, 0.372399, 0.394382
2.770000, 0.363100, 0.383405
2.780000, 0.353764, 0.372428
2.790000, 0.344393, 0.361452
2.800000, 0.334988, 0.350475
2.810000, 0.325549, 0.339498
2.820000, 0.316078, 0.328522
2.830000, 0.306575, 0.317545
2.840000, 0.297041, 0.306568
2.850000, 0.287478, 0.295591
2.860000, 0.277886, 0.284615
2.870000, 0.268266, 0.273638
2.880000, 0.258619, 0.262661
2.890000, 0.248947, 0.251685
2.900000, 0.239249, 0.240708
2.910000, 0.229528, 0.229731
2.920000, 0.219784, 0.218754
2.930000, 0.210017, 0.207778
2.940000, 0.200230, 0.196801
2.950000, 0.190423, 0.185824
2.960000, 0.180596, 0.174848
2.970000, 0.170752, 0.163871
2.980000, 0.160890, 0.152894
2.990000, 0.151013, 0.141918
3.000000, 0.141120, 0.130941
3.010000, 0.131213, 0.119964
3.020000, 0.121293, 0.108987
3.030000, 0.111361, 0.098011
3.040000, 0.101418, 0.087034
3.050000, 0.091465, 0.076057
3.060000, 0.081502, 0.065081
3.070000, 0.071532, 0.054104
3.080000, 0.061554, 0.043127
3.090000, 0.051570, 0.032150
3.100000, 0.041581, 0.021174
3.110000, 0.031587, 0.010197
3.120000, 0.021591, -0.000780
3.130000, 0.011592, -0.011756
3.140000, 0.001593, -0.022733
3.150000, -0.008407, -0.033710
3.160000, -0.018406, -0.044686
3.170000, -0.028404, -0.055663
3.180000, -0.038398, -0.066640
3.190000, -0.048388, -0.077617
3.200000, -0.058374, -0.088593
3.210000, -0.068354, -0.099570
3.220000, -0.078327, -0.110058
3.230000, -0.088292, -0.118425
3.240000, -0.098249, -0.126793
3.250000, -0.108195, -0.135160
3.260000, -0.118131, -0.143527
3.270000, -0.128055, -0.151895
3.280000, -0.137966, -0.160262
3.290000, -0.147863, -0.168630
3.300000, -0.157746, -0.176997
3.310000, -0.167612, -0.185365
3.320000, -0.177462, -0.193732
3.330000, -0.187295, -0.202099
3.340000, -0.197108, -0.210467
3.350000, -0.206902, -0.218834
3.360000, -0.216675, -0.227202
3.370000, -0.226427, -0.235569
3.380000, -0.236155, -0.243937
3.390000, -0.245861, -0.252304
3.400000, -0.255541, -0.260671
3.410000, -0.265196, -0.269039
3.420000, -0.274825, -0.277406
3.430000, -0.284426, -0.285774
3.440000, -0.293998, -0.294141
3.450000, -0.303542, -0.302509
3.460000, -0.313054, -0.310876
3.470000, -0.322536, -0.319243
3.480000, -0.331985, -0.327879
3.490000, -0.341401, -0.338842
3.500000, -0.350783, -0.349805
3.510000, -0.360130, -0.360768
3.520000, -0.369441, -0.371731
3.530000, -0.378715, -0.382694
3.540000, -0.387951, -0.393658
3.550000, -0.397148, -0.404621
3.560000, -0.406306, -0.415584
3.570000, -0.415423, -0.426547
3.580000, -0.424498, -0.437510
3.590000, -0.433531, -0.446587
3.600000, -0.442520, -0.454621
3.610000, -0.451466, -0.462654
3.620000, -0.460366, -0.470687
3.630000, -0.469220, -0.478721
3.640000, -0.478027, -0.486754
3.650000, -0.486787, -0.494787
3.660000, -0.495497, -0.502406
3.670000, -0.504159, -0.509823
3.680000, -0.512769, -0.517239
3.690000, -0.521329, -0.524656
3.700000, -0.529836, -0.532073
3.710000, -0.538291, -0.539489
3.720000, -0.546691, -0.546906
3.730000, -0.555037, -0.554323
3.740000, -0.563327, -0.561739
3.750000, -0.571561, -0.569156
3.760000, -0.579738, -0.576573
3.770000, -0.587857, -0.583989
3.780000, -0.595917, -0.591694
3.790000, -0.603918, -0.599599
3.800000, -0.611858, -0.607504
3.810000, -0.619737, -0.615409
3.820000, -0.627554, -0.623313
3.830000, -0.635308, -0.631218
3.840000, -0.642999, -0.639123
3.850000, -0.650625, -0.647028
3.860000, -0.658186, -0.654932
3.870000, -0.665682, -0.662837
3.880000, -0.673111, -0.670742
3.890000, -0.680473, -0.678646
3.900000, -0.687766, -0.686551
3.910000, -0.694991, -0.694456
3.920000, -0.702146, -0.702361
3.930000, -0.709231, -0.710265
3.940000, -0.716246, -0.718009
3.950000, -0.723188, -0.724700
3.960000, -0.730058, -0.731390
3.970000, -0.736856, -0.738081
3.980000, -0.743579, -0.744772
3.990000, -0.750228, -0.751462
4.000000, -0.756802, -0.758153
4.010000, -0.763301, -0.764843
4.020000, -0.769723, -0.771534
4.030000, -0.776068, -0.778224
4.040000, -0.782336, -0.784915
4.050000, -0.788525, -0.791606
4.060000, -0.794636, -0.798296
4.070000, -0.800667, -0.804987
4.080000, -0.806618, -0.811677
4.090000, -0.812488, -0.818055
4.100000, -0.818277, -0.822894
4.110000, -0.823984, -0.827734
4.120000, -0.829609, -0.832573
4.130000, -0.835151, -0.837412
4.140000, -0.840609, -0.842252
4.150000, -0.845984, -0.847091
4.160000, -0.851273, -0.851930
4.170000, -0.856478, -0.856769
4.180000, -0.861597, -0.861609
4.190000, -0.866630, -0.866448
4.200000, -0.871576, -0.871287
4.210000, -0.876435, -0.876127
4.220000, -0.881206, -0.880966
4.230000, -0.885889, -0.885805
4.240000, -0.890484, -0.890644
4.250000, -0.894989, -0.895484
4.260000, -0.899405, -0.900323
4.270000, -0.903732, -0.905162
4.280000, -0.907967, -0.910002
4.290000, -0.912112, -0.914841
4.300000, -0.916166, -0.919680
4.310000, -0.920128, -0.924519
4.320000, -0.923998, -0.929359
4.330000, -0.927776, -0.934198
4.340000, -0.931461, -0.939037
4.350000, -0.935053, -0.943877
4.360000, -0.938551, -0.948716
4.370000, -0.941955, -0.953555
4.380000, -0.945266, -0.958395
4.390000, -0.948481, -0.963234
4.400000, -0.951602, -0.968073
4.410000, -0.954628, -0.972912
4.420000, -0.957558, -0.977752
4.430000, -0.960392, -0.982591
4.440000, -0.963131, -0.987430
4.450000, -0.965773, -0.992270
4.460000, -0.968319, -0.997109
4.470000, -0.970767, -1.000000
4.480000, -0.973119, -1.000000
4.490000, -0.975373, -1.000000
4.500000, -0.977530, -1.000000
4.510000, -0.979589, -1.000000
4.520000, -0.981550, -1.000000
4.530000, -0.983413, -1.000000
4.540000, -0.985178, -1.000000
4.550000, -0.986844, -1.000000
4.560000, -0.988411, -1.000000
4.570000, -0.989880, -1.000000
4.580000, -0.991249, -1.000000
4.590000, -0.992520, -1.000000
4.600000, -0.993691, -1.000000
4.610000, -0.994763, -1.000000
4.620000, -0.995735, -1.000000
4.630000, -0.996608, -1.000000
4.640000, -0.997381, -1.000000
4.650000, -0.998054, -1.000000
4.660000, -0.998628, -1.000000
4.670000, -0.999102, -1.000000
4.680000, -0.999476, -1.000000
4.690000, -0.999749, -1.000000
4.700000, -0.999923, -1.000000
4.710000, -0.999997, -1.000000
4.720000, -0.999971, -1.000000
4.730000, -0.999845, -1.000000
4.740000, -0.999619, -1.000000
4.750000, -0.999293, -1.000000
4.760000, -0.998867, -1.000000
4.770000, -0.998341, -1.000000
4.780000, -0.997715, -1.000000
4.790000, -0.996990, -1.000000
4.800000, -0.996165, -1.000000
4.810000, -0.995240, -1.000000
4.820000, -0.994216, -1.000000
4.830000, -0.993092, -1.000000
4.840000, -0.991869, -1.000000
4.850000, -0.990547, -1.000000
4.860000, -0.989125, -1.000000
4.870000, -0.987605, -1.000000
4.880000, -0.985986, -1.000000
4.890000, -0.984269, -1.000000
4.900000, -0.982453, -1.000000
4.910000, -0.980538, -1.000000
4.920000, -0.978526, -1.000000
4.930000, -0.976416, -1.000000
4.940000, -0.974208, -1.000000
4.950000, -0.971903, -1.000000
4.960000, -0.969501, -0.998864
4.970000, -0.967001, -0.993504
4.980000, -0.964405, -0.988144
4.990000, -0.961713, -0.982784
5.000000, -0.958924, -0.977424
5.010000, -0.956040, -0.972065
5.020000, -0.953060, -0.966705
5.030000, -0.949984, -0.961345
5.040000, -0.946814, -0.955985
5.050000, -0.943549, -0.950625
5.060000, -0.940189, -0.945265
5.070000, -0.936736, -0.939906
5.080000, -0.933189, -0.934546
5.090000, -0.929548, -0.929186
5.100000, -0.925815, -0.923826
5.110000, -0.921989, -0.918466
5.120000, -0.918070, -0.913107
5.130000, -0.914060, -0.907747
5.140000, -0.909959, -0.902387
5.150000, -0.905767, -0.897027
5.160000, -0.901484, -0.891667
5.170000, -0.897111, -0.886307
5.180000, -0.892648, -0.880948
5.190000, -0.888096, -0.875588
5.200000, -0.883455, -0.870228
5.210000, -0.878725, -0.864868
5.220000, -0.873908, -0.859317
5.230000, -0.869004, -0.852954
5.240000, -0.864012, -0.846591
5.250000, -0.858934, -0.840229
5.260000, -0.853771, -0.833866
5.270000, -0.848522, -0.827503
5.280000, -0.843188, -0.821140
5.290000, -0.837769, -0.814777
5.300000, -0.832267, -0.808414
5.310000, -0.826682, -0.802051
5.320000, -0.821014, -0.795689
5.330000, -0.815264, -0.789326
5.340000, -0.809433, -0.782963
5.350000, -0.803520, -0.776600
5.360000, -0.797527, -0.770237
5.370000, -0.791455, -0.763874
5.380000, -0.785303, -0.757511
5.390000, -0.779073, -0.751149
5.400000, -0.772764, -0.744786
5.410000, -0.766379, -0.738423
5.420000, -0.759917, -0.732060
5.430000, -0.753379, -0.725697
5.440000, -0.746765, -0.719334
5.450000, -0.740077, -0.712972
5.460000, -0.733315, -0.706609
5.470000, -0.726480, -0.700246
5.480000, -0.719572, -0.693883
5.490000, -0.712592, -0.687520
5.500000, -0.705540, -0.681157
5.510000, -0.698418, -0.674794
5.520000, -0.691227, -0.668432
5.530000, -0.683966, -0.662069
5.540000, -0.676637, -0.655706
5.550000, -0.669240, -0.649343
5.560000, -0.661776, -0.642980
5.570000, -0.654246, -0.636617
5.580000, -0.646651, -0.630254
5.590000, -0.638991, -0.623892
5.600000, -0.631267, -0.617529
5.610000, -0.623480, -0.611166
5.620000, -0.615630, -0.604803
5.630000, -0.607719, -0.598440
5.640000, -0.599747, -0.592077
5.650000, -0.591716, -0.585715
5.660000, -0.583625, -0.579352
5.670000, -0.575475, -0.572989
5.680000, -0.567269, -0.566626
5.690000, -0.559005, -0.560263
5.700000, -0.550686, -0.553900
5.710000, -0.542311, -0.547537
5.720000, -0.533882, -0.541175
5.730000, -0.525400, -0.534812
5.740000, -0.516865, -0.528449
5.750000, -0.508279, -0.522086
5.760000, -0.499642, -0.515723
5.770000, -0.490955, -0.509360
5.780000, -0.482218, -0.502997
5.790000, -0.473434, -0.496635
5.800000, -0.464602, -0.490272
5.810000, -0.455724, -0.483909
5.820000, -0.446800, -0.477546
5.830000, -0.437832, -0.471183
5.840000, -0.428819, -0.464820
5.850000, -0.419764, -0.458457
5.860000, -0.410667, -0.452095
5.870000, -0.401529, -0.445732
5.880000, -0.392350, -0.439369
5.890000, -0.383133, -0.433006
5.900000, -0.373877, -0.426643
5.910000, -0.364583, -0.420280
5.920000, -0.355254, -0.413918
5.930000, -0.345888, -0.407555
5.940000, -0.336488, -0.401192
5.950000, -0.327055, -0.394829
5.960000, -0.317589, -0.388466
5.970000, -0.308091, -0.382103
5.980000, -0.298562, -0.375740
5.990000, -0.289003, -0.369378
6.000000, -0.279415, -0.363015
6.010000, -0.269800, -0.356652
6.020000, -0.260157, -0.350289
6.030000, -0.250489, -0.343926
6.040000, -0.240795, -0.337563
6.050000, -0.231078, -0.331200
6.060000, -0.221337, -0.324838
6.070000, -0.211574, -0.318475
6.080000, -0.201790, -0.312112
6.090000, -0.191986, -0.305749
6.100000, -0.182163, -0.299386
6.110000, -0.172321, -0.293023
6.120000, -0.162462, -0.286661
6.130000, -0.152587, -0.280298
6.140000, -0.142697, -0.273935
6.150000, -0.132792, -0.267572
6.160000, -0.122874, -0.261209
6.170000, -0.112944, -0.255180
6.180000, -0.103002, -0.250106
6.190000, -0.093051, -0.245033
6.200000, -0.083089, -0.239959
6.210000, -0.073120, -0.234885
6.220000, -0.063143, -0.229812
6.230000, -0.053160, -0.224738
6.240000, -0.043172, -0.219788
6.250000, -0.033179, -0.215442
6.260000, -0.023183, -0.211095
6.270000, -0.013185, -0.206749
6.280000, -0.003185, -0.202403