0.000000, 0.000000, 0.020305
0.010000, 0.010000, 0.029189
0.020000, 0.019999, 0.038072
0.030000, 0.029996, 0.046956
0.040000, 0.039989, 0.055839
0.050000, 0.049979, 0.064723
0.060000, 0.059964, 0.073606
0.070000, 0.069943, 0.082490
0.080000, 0.079915, 0.091373
0.090000, 0.089879, 0.100257
0.100000, 0.099833, 0.109141
0.110000, 0.109778, 0.118024
0.120000, 0.119712, 0.126908
0.130000, 0.129634, 0.135791
0.140000, 0.139543, 0.144675
0.150000, 0.149438, 0.153558
0.160000, 0.159318, 0.162442
0.170000, 0.169182, 0.171325
0.180000, 0.179030, 0.180209
0.190000, 0.188859, 0.189093
0.200000, 0.198669, 0.197976
0.210000, 0.208460, 0.206860
0.220000, 0.218230, 0.215743
0.230000, 0.227978, 0.224627
0.240000, 0.237703, 0.233510
0.250000, 0.247404, 0.242394
0.260000, 0.257081, 0.251277
0.270000, 0.266731, 0.260161
0.280000, 0.276356, 0.269045
0.290000, 0.285952, 0.277928
0.300000, 0.295520, 0.286812
0.310000, 0.305059, 0.295695
0.320000, 0.314567, 0.304579
0.330000, 0.324043, 0.313462
0.340000, 0.333487, 0.322346
0.350000, 0.342898, 0.331229
0.360000, 0.352274, 0.340113
0.370000, 0.361615, 0.348997
0.380000, 0.370920, 0.357880
0.390000, 0.380188, 0.366764
0.400000, 0.389418, 0.375647
0.410000, 0.398609, 0.384531
0.420000, 0.407760, 0.393414
0.430000, 0.416871, 0.402298
0.440000, 0.425939, 0.411181
0.450000, 0.434966, 0.420065
0.460000, 0.443948, 0.428949
0.470000, 0.452886, 0.437832
0.480000, 0.461779, 0.446716
0.490000, 0.470626, 0.455599
0.500000, 0.479426, 0.464483
0.510000, 0.488177, 0.473366
0.520000, 0.496880, 0.482250
0.530000, 0.505533, 0.491133
0.540000, 0.514136, 0.500017
0.550000, 0.522687, 0.508901
0.560000, 0.531186, 0.517784
0.570000, 0.539632, 0.526668
0.580000, 0.548024, 0.535551
0.590000, 0.556361, 0.544435
0.600000, 0.564642, 0.553318
0.610000, 0.572867, 0.562202
0.620000, 0.581035, 0.571085
0.630000, 0.589145, 0.579969
0.640000, 0.597195, 0.588853
0.650000, 0.605186, 0.597736
0.660000, 0.613117, 0.606620
0.670000, 0.620986, 0.615503
0.680000, 0.628793, 0.624387
0.690000, 0.636537, 0.633270
0.700000, 0.644218, 0.642154
0.710000, 0.651834, 0.651038
0.720000, 0.659385, 0.659921
0.730000, 0.666870, 0.668805
0.740000, 0.674288, 0.677688
0.750000, 0.681639, 0.686572
0.760000, 0.688921, 0.695455
0.770000, 0.696135, 0.704339
0.780000, 0.703279, 0.713222
0.790000, 0.710353, 0.722106
0.800000, 0.717356, 0.730990
0.810000, 0.724287, 0.739873
0.820000, 0.731146, 0.748757
0.830000, 0.737931, 0.757640
0.840000, 0.744643, 0.766524
0.850000, 0.751280, 0.775407
0.860000, 0.757843, 0.784291
0.870000, 0.764329, 0.793174
0.880000, 0.770739, 0.802058
0.890000, 0.777072, 0.810942
0.900000, 0.783327, 0.819825
0.910000, 0.789504, 0.828709
0.920000, 0.795602, 0.837592
0.930000, 0.801620, 0.846476
0.940000, 0.807558, 0.855359
0.950000, 0.813416, 0.864243
0.960000, 0.819192, 0.873126
0.970000, 0.824886, 0.882010
0.980000, 0.830497, 0.890894
0.990000, 0.836026, 0.899777
1.000000, 0.841471, 0.908661
1.010000, 0.846832, 0.911440
1.020000, 0.852108, 0.913208
1.030000, 0.857299, 0.914975
1.040000, 0.862404, 0.916742
1.050000, 0.867423, 0.918510
1.060000, 0.872355, 0.920277
1.070000, 0.877201, 0.922045
1.080000, 0.881958, 0.923812
1.090000, 0.886627, 0.925580
1.100000, 0.891207, 0.927347
1.110000, 0.895699, 0.929115
1.120000, 0.900100, 0.930882
1.130000, 0.904412, 0.932650
1.140000, 0.908633, 0.934417
1.150000, 0.912764, 0.936185
1.160000, 0.916803, 0.937952
1.170000, 0.920751, 0.939720
1.180000, 0.924606, 0.941487
1.190000, 0.928369, 0.943255
1.200000, 0.932039, 0.945022
1.210000, 0.935616, 0.946789
1.220000, 0.939099, 0.948557
1.230000, 0.942489, 0.950324
1.240000, 0.945784, 0.952092
1.250000, 0.948985, 0.953859
1.260000, 0.952090, 0.955627
1.270000, 0.955101, 0.957394
1.280000, 0.958016, 0.959162
1.290000, 0.960835, 0.960929
1.300000, 0.963558, 0.962697
1.310000, 0.966185, 0.964464
1.320000, 0.968715, 0.966232
1.330000, 0.971148, 0.967999
1.340000, 0.973485, 0.969767
1.350000, 0.975723, 0.971534
1.360000, 0.977865, 0.973301
1.370000, 0.979908, 0.975069
1.380000, 0.981854, 0.976836
1.390000, 0.983701, 0.978604
1.400000, 0.985450, 0.980371
1.410000, 0.987100, 0.982139
1.420000, 0.988652, 0.983906
1.430000, 0.990105, 0.985674
1.440000, 0.991458, 0.987441
1.450000, 0.992713, 0.989209
1.460000, 0.993868, 0.990976
1.470000, 0.994924, 0.992744
1.480000, 0.995881, 0.994511
1.490000, 0.996738, 0.996279
1.500000, 0.997495, 0.998046
1.510000, 0.998152, 0.999813
1.520000, 0.998710, 1.000000
1.530000, 0.999168, 1.000000
1.540000, 0.999526, 1.000000
1.550000, 0.999784, 1.000000
1.560000, 0.999942, 1.000000
1.570000, 1.000000, 1.000000
1.580000, 0.999958, 1.000000
1.590000, 0.999816, 1.000000
1.600000, 0.999574, 1.000000
1.610000, 0.999232, 1.000000
1.620000, 0.998790, 1.000000
1.630000, 0.998248, 1.000000
1.640000, 0.997606, 1.000000
1.650000, 0.996865, 1.000000
1.660000, 0.996024, 1.000000
1.670000, 0.995083, 1.000000
1.680000, 0.994043, 1.000000
1.690000, 0.992904, 1.000000
1.700000, 0.991665, 1.000000
1.710000, 0.990327, 1.000000
1.720000, 0.988890, 1.000000
1.730000, 0.987354, 1.000000
1.740000, 0.985719, 1.000000
1.750000, 0.983986, 1.000000
1.760000, 0.982154, 1.000000
1.770000, 0.980224, 1.000000
1.780000, 0.978197, 1.000000
1.790000, 0.976071, 1.000000
1.800000, 0.973848, 1.000000
1.810000, 0.971527, 1.000000
1.820000, 0.969109, 1.000000
1.830000, 0.966594, 1.000000
1.840000, 0.963983, 1.000000
1.850000, 0.961275, 1.000000
1.860000, 0.958471, 1.000000
1.870000, 0.955572, 1.000000
1.880000, 0.952576, 1.000000
1.890000, 0.949486, 1.000000
1.900000, 0.946300, 0.994600
1.910000, 0.943020, 0.988074
1.920000, 0.939645, 0.981548
1.930000, 0.936177, 0.975022
1.940000, 0.932615, 0.968495
1.950000, 0.928960, 0.961969
1.960000, 0.925212, 0.955443
1.970000, 0.921371, 0.948917
1.980000, 0.917438, 0.942391
1.990000, 0.913413, 0.935864
2.000000, 0.909297, 0.929338
2.010000, 0.905091, 0.922812
2.020000, 0.900793, 0.916286
2.030000, 0.896406, 0.909760
2.040000, 0.891929, 0.903234
2.050000, 0.887362, 0.896707
2.060000, 0.882707, 0.890181
2.070000, 0.877964, 0.883655
2.080000, 0.873133, 0.877129
2.090000, 0.868215, 0.870603
2.100000, 0.863209, 0.864076
2.110000, 0.858118, 0.857550
2.120000, 0.852940, 0.851024
2.130000, 0.847678, 0.844498
2.140000, 0.842330, 0.837972
2.150000, 0.836899, 0.831446
2.160000, 0.831383, 0.824919
2.170000, 0.825785, 0.818393
2.180000, 0.820104, 0.811867
2.190000, 0.814341, 0.805341
2.200000, 0.808496, 0.798815
2.210000, 0.802571, 0.792288
2.220000, 0.796565, 0.785762
2.230000, 0.790480, 0.779236
2.240000, 0.784316, 0.772710
2.250000, 0.778073, 0.766184
2.260000, 0.771753, 0.759658
2.270000, 0.765355, 0.753131
2.280000, 0.758881, 0.746605
2.290000, 0.752331, 0.740079
2.300000, 0.745705, 0.733553
2.310000, 0.739005, 0.727027
2.320000, 0.732231, 0.720500
2.330000, 0.725384, 0.713974
2.340000, 0.718465, 0.707448
2.350000, 0.711473, 0.700922
2.360000, 0.704411, 0.694396
2.370000, 0.697278, 0.687869
2.380000, 0.690075, 0.681343
2.390000, 0.682803, 0.674817
2.400000, 0.675463, 0.668291
2.410000, 0.668056, 0.661765
2.420000, 0.660581, 0.655239
2.430000, 0.653041, 0.648712
2.440000, 0.645435, 0.642186
2.450000, 0.637765, 0.635660
2.460000, 0.630031, 0.629134
2.470000, 0.622234, 0.622608
2.480000, 0.614374, 0.616081
2.490000, 0.606454, 0.609555
2.500000, 0.598472, 0.603029
2.510000, 0.590431, 0.596503
2.520000, 0.582331, 0.587824
2.530000, 0.574172, 0.578397
2.540000, 0.565956, 0.568970
2.550000, 0.557684, 0.559542
2.560000, 0.549355, 0.550115
2.570000, 0.540972, 0.540687
2.580000, 0.532535, 0.531260
2.590000, 0.524044, 0.521832
2.600000, 0.515501, 0.512405
2.610000, 0.506907, 0.502978
2.620000, 0.498262, 0.493550
2.630000, 0.489567, 0.484123
2.640000, 0.480823, 0.474695
2.650000, 0.472031, 0.465268
2.660000, 0.463191, 0.455840
2.670000, 0.454306, 0.446413
2.680000, 0.445375, 0.436985
2.690000, 0.436399, 0.427558
2.700000, 0.427380, 0.418131
2.710000, 0.418318, 0.408703
2.720000, 0.409214, 0.399276
2.730000, 0.400069, 0.389848
2.740000, 0.390885, 0.380421
2.750000, 0.381661, 0.370993
2.760000, 0.372399, 0.361566
2.770000, 0.363100, 0.352138
2.780000, 0.353764, 0.342711
2.790000, 0.344393, 0.333284
2.800000, 0.334988, 0.323856
2.810000, 0.325549, 0.314429
2.820000, 0.316078, 0.305001
2.830000, 0.306575, 0.295574
2.840000, 0.297041, 0.286146
2.850000, 0.287478, 0.276719
2.860000, 0.277886, 0.267291
2.870000, 0.268266, 0.257864
2.880000, 0.258619, 0.248437
2.890000, 0.248947, 0.239009
2.900000, 0.239249, 0.229582
2.910000, 0.229528, 0.220154
2.920000, 0.219784, 0.210727
2.930000, 0.210017, 0.201299
2.940000, 0.200230, 0.191872
2.950000, 0.190423, 0.182445
2.960000, 0.180596, 0.173017
2.970000, 0.170752, 0.163590
2.980000, 0.160890, 0.154162
2.990000, 0.151013, 0.144735
3.000000, 0.141120, 0.135307
3.010000, 0.131213, 0.125880
3.020000, 0.121293, 0.116452
3.030000, 0.111361, 0.107025
3.040000, 0.101418, 0.097598
3.050000, 0.091465, 0.088170
3.060000, 0.081502, 0.078743
3.070000, 0.071532, 0.069315
3.080000, 0.061554, 0.059888
3.090000, 0.051570, 0.050460
3.100000, 0.041581, 0.041033
3.110000, 0.031587, 0.031605
3.120000, 0.021591, 0.022178
3.130000, 0.011592, 0.012751
3.140000, 0.001593, 0.003323
3.150000, -0.008407, -0.006104
3.160000, -0.018406, -0.015532
3.170000, -0.028404, -0.024959
3.180000, -0.038398, -0.034387
3.190000, -0.048388, -0.043814
3.200000, -0.058374, -0.053241
3.210000, -0.068354, -0.062669
3.220000, -0.078327, -0.072096
3.230000, -0.088292, -0.081524
3.240000, -0.098249, -0.090951
3.250000, -0.108195, -0.100379
3.260000, -0.118131, -0.109806
3.270000, -0.128055, -0.119234
3.280000, -0.137966, -0.128661
3.290000, -0.147863, -0.138088
3.300000, -0.157746, -0.147516
3.310000, -0.167612, -0.156943
3.320000, -0.177462, -0.166371
3.330000, -0.187295, -0.175798
3.340000, -0.197108, -0.185226
3.350000, -0.206902, -0.194653
3.360000, -0.216675, -0.204081
3.370000, -0.226427, -0.213508
3.380000, -0.236155, -0.222935
3.390000, -0.245861, -0.232363
3.400000, -0.255541, -0.241790
3.410000, -0.265196, -0.251218
3.420000, -0.274825, -0.260645
3.430000, -0.284426, -0.270073
3.440000, -0.293998, -0.279500
3.450000, -0.303542, -0.288927
3.460000, -0.313054, -0.298355
3.470000, -0.322536, -0.307782
3.480000, -0.331985, -0.317210
3.490000, -0.341401, -0.326637
3.500000, -0.350783, -0.336065
3.510000, -0.360130, -0.345492
3.520000, -0.369441, -0.354920
3.530000, -0.378715, -0.364347
3.540000, -0.387951, -0.373774
3.550000, -0.397148, -0.383202
3.560000, -0.406306, -0.392629
3.570000, -0.415423, -0.402057
3.580000, -0.424498, -0.411484
3.590000, -0.433531, -0.420912
3.600000, -0.442520, -0.430339
3.610000, -0.451466, -0.439767
3.620000, -0.460366, -0.449194
3.630000, -0.469220, -0.458621
3.640000, -0.478027, -0.468049
3.650000, -0.486787, -0.477476
3.660000, -0.495497, -0.486904
3.670000, -0.504159, -0.496331
3.680000, -0.512769, -0.505759
3.690000, -0.521329, -0.515186
3.700000, -0.529836, -0.524613
3.710000, -0.538291, -0.534041
3.720000, -0.546691, -0.543468
3.730000, -0.555037, -0.552896
3.740000, -0.563327, -0.562323
3.750000, -0.571561, -0.571751
3.760000, -0.579738, -0.581178
3.770000, -0.587857, -0.590606
3.780000, -0.595917, -0.600033
3.790000, -0.603918, -0.609460
3.800000, -0.611858, -0.618888
3.810000, -0.619737, -0.628315
3.820000, -0.627554, -0.637743
3.830000, -0.635308, -0.647170
3.840000, -0.642999, -0.656598
3.850000, -0.650625, -0.666025
3.860000, -0.658186, -0.675453
3.870000, -0.665682, -0.684880
3.880000, -0.673111, -0.694307
3.890000, -0.680473, -0.703735
3.900000, -0.687766, -0.713162
3.910000, -0.694991, -0.722590
3.920000, -0.702146, -0.732017
3.930000, -0.709231, -0.741445
3.940000, -0.716246, -0.750872
3.950000, -0.723188, -0.759879
3.960000, -0.730058, -0.764169
3.970000, -0.736856, -0.768459
3.980000, -0.743579, -0.772749
3.990000, -0.750228, -0.777039
4.000000, -0.756802, -0.781329
4.010000, -0.763301, -0.785619
4.020000, -0.769723, -0.789909
4.030000, -0.776068, -0.794199
4.040000, -0.782336, -0.798489
4.050000, -0.788525, -0.802779
4.060000, -0.794636, -0.807069
4.070000, -0.800667, -0.811359
4.080000, -0.806618, -0.815650
4.090000, -0.812488, -0.819940
4.100000, -0.818277, -0.824230
4.110000, -0.823984, -0.828520
4.120000, -0.829609, -0.832810
4.130000, -0.835151, -0.837100
4.140000, -0.840609, -0.841390
4.150000, -0.845984, -0.845680
4.160000, -0.851273, -0.849970
4.170000, -0.856478, -0.854260
4.180000, -0.861597, -0.858550
4.190000, -0.866630, -0.862840
4.200000, -0.871576, -0.867130
4.210000, -0.876435, -0.871420
4.220000, -0.881206, -0.875710
4.230000, -0.885889, -0.880000
4.240000, -0.890484, -0.884290
4.250000, -0.894989, -0.888581
4.260000, -0.899405, -0.892871
4.270000, -0.903732, -0.897161
4.280000, -0.907967, -0.901451
4.290000, -0.912112, -0.905741
4.300000, -0.916166, -0.910031
4.310000, -0.920128, -0.914321
4.320000, -0.923998, -0.918611
4.330000, -0.927776, -0.922901
4.340000, -0.931461, -0.927191
4.350000, -0.935053, -0.931353
4.360000, -0.938551, -0.935344
4.370000, -0.941955, -0.939335
4.380000, -0.945266, -0.943325
4.390000, -0.948481, -0.947316
4.400000, -0.951602, -0.951306
4.410000, -0.954628, -0.955297
4.420000, -0.957558, -0.959288
4.430000, -0.960392, -0.963278
4.440000, -0.963131, -0.967269
4.450000, -0.965773, -0.971260
4.460000, -0.968319, -0.975250
4.470000, -0.970767, -0.979241
4.480000, -0.973119, -0.983231
4.490000, -0.975373, -0.987222
4.500000, -0.977530, -0.991213
4.510000, -0.979589, -0.995203
4.520000, -0.981550, -0.999194
4.530000, -0.983413, -1.000000
4.540000, -0.985178, -1.000000
4.550000, -0.986844, -1.000000
4.560000, -0.988411, -1.000000
4.570000, -0.989880, -1.000000
4.580000, -0.991249, -1.000000
4.590000, -0.992520, -1.000000
4.600000, -0.993691, -1.000000
4.610000, -0.994763, -1.000000
4.620000, -0.995735, -1.000000
4.630000, -0.996608, -1.000000
4.640000, -0.997381, -1.000000
4.650000, -0.998054, -1.000000
4.660000, -0.998628, -1.000000
4.670000, -0.999102, -1.000000
4.680000, -0.999476, -1.000000
4.690000, -0.999749, -1.000000
4.700000, -0.999923, -1.000000
4.710000, -0.999997, -1.000000
4.720000, -0.999971, -1.000000
4.730000, -0.999845, -1.000000
4.740000, -0.999619, -1.000000
4.750000, -0.999293, -1.000000
4.760000, -0.998867, -1.000000
4.770000, -0.998341, -1.000000
4.780000, -0.997715, -1.000000
4.790000, -0.996990, -1.000000
4.800000, -0.996165, -1.000000
4.810000, -0.995240, -1.000000
4.820000, -0.994216, -1.000000
4.830000, -0.993092, -1.000000
4.840000, -0.991869, -1.000000
4.850000, -0.990547, -1.000000
4.860000, -0.989125, -1.000000
4.870000, -0.987605, -1.000000
4.880000, -0.985986, -1.000000
4.890000, -0.984269, -1.000000
4.900000, -0.982453, -1.000000
4.910000, -0.980538, -1.000000
4.920000, -0.978526, -1.000000
4.930000, -0.976416, -1.000000
4.940000, -0.974208, -1.000000
4.950000, -0.971903, -1.000000
4.960000, -0.969501, -1.000000
4.970000, -0.967001, -1.000000
4.980000, -0.964405, -1.000000
4.990000, -0.961713, -1.000000
5.000000, -0.958924, -1.000000
5.010000, -0.956040, -1.000000
5.020000, -0.953060, -1.000000
5.030000, -0.949984, -1.000000
5.040000, -0.946814, -1.000000
5.050000, -0.943549, -1.000000
5.060000, -0.940189, -1.000000
5.070000, -0.936736, -1.000000
5.080000, -0.933189, -1.000000
5.090000, -0.929548, -1.000000
5.100000, -0.925815, -1.000000
5.110000, -0.921989, -0.999198
5.120000, -0.918070, -0.991227
5.130000, -0.914060, -0.983256
5.140000, -0.909959, -0.975286
5.150000, -0.905767, -0.967315
5.160000, -0.901484, -0.959344
5.170000, -0.897111, -0.951373
5.180000, -0.892648, -0.943403
5.190000, -0.888096, -0.935432
5.200000, -0.883455, -0.927461
5.210000, -0.878725, -0.919491
5.220000, -0.873908, -0.911520
5.230000, -0.869004, -0.903549
5.240000, -0.864012, -0.895579
5.250000, -0.858934, -0.887608
5.260000, -0.853771, -0.879637
5.270000, -0.848522, -0.871667
5.280000, -0.843188, -0.863696
5.290000, -0.837769, -0.855725
5.300000, -0.832267, -0.847755
5.310000, -0.826682, -0.839784
5.320000, -0.821014, -0.831813
5.330000, -0.815264, -0.823843
5.340000, -0.809433, -0.815872
5.350000, -0.803520, -0.807901
5.360000, -0.797527, -0.799931
5.370000, -0.791455, -0.791960
5.380000, -0.785303, -0.783989
5.390000, -0.779073, -0.776019
5.400000, -0.772764, -0.768048
5.410000, -0.766379, -0.760077
5.420000, -0.759917, -0.752107
5.430000, -0.753379, -0.744136
5.440000, -0.746765, -0.736165
5.450000, -0.740077, -0.728195
5.460000, -0.733315, -0.720224
5.470000, -0.726480, -0.712253
5.480000, -0.719572, -0.704283
5.490000, -0.712592, -0.696312
5.500000, -0.705540, -0.688341
5.510000, -0.698418, -0.680371
5.520000, -0.691227, -0.672400
5.530000, -0.683966, -0.664429
5.540000, -0.676637, -0.656459
5.550000, -0.669240, -0.648488
5.560000, -0.661776, -0.640517
5.570000, -0.654246, -0.632547
5.580000, -0.646651, -0.624576
5.590000, -0.638991, -0.616605
5.600000, -0.631267, -0.608635
5.610000, -0.623480, -0.600664
5.620000, -0.615630, -0.592693
5.630000, -0.607719, -0.584723
5.640000, -0.599747, -0.576752
5.650000, -0.591716, -0.568781
5.660000, -0.583625, -0.560811
5.670000, -0.575475, -0.552840
5.680000, -0.567269, -0.544869
5.690000, -0.559005, -0.536899
5.700000, -0.550686, -0.528928
5.710000, -0.542311, -0.520957
5.720000, -0.533882, -0.512987
5.730000, -0.525400, -0.505016
5.740000, -0.516865, -0.497045
5.750000, -0.508279, -0.489075
5.760000, -0.499642, -0.481104
5.770000, -0.490955, -0.473133
5.780000, -0.482218, -0.465163
5.790000, -0.473434, -0.457192
5.800000, -0.464602, -0.449221
5.810000, -0.455724, -0.441251
5.820000, -0.446800, -0.433280
5.830000, -0.437832, -0.425309
5.840000, -0.428819, -0.417339
5.850000, -0.419764, -0.409368
5.860000, -0.410667, -0.401397
5.870000, -0.401529, -0.393427
5.880000, -0.392350, -0.385456
5.890000, -0.383133, -0.377485
5.900000, -0.373877, -0.369515
5.910000, -0.364583, -0.361544
5.920000, -0.355254, -0.353573
5.930000, -0.345888, -0.345603
5.940000, -0.336488, -0.337632
5.950000, -0.327055, -0.329661
5.960000, -0.317589, -0.321691
5.970000, -0.308091, -0.313720
5.980000, -0.298562, -0.305749
5.990000, -0.289003, -0.297779
6.000000, -0.279415, -0.289808
6.010000, -0.269800, -0.281837
6.020000, -0.260157, -0.273867
6.030000, -0.250489, -0.265896
6.040000, -0.240795, -0.257925
6.050000, -0.231078, -0.249955
6.060000, -0.221337, -0.241984
6.070000, -0.211574, -0.234013
6.080000, -0.201790, -0.226043
6.090000, -0.191986, -0.218072
6.100000, -0.182163, -0.210101
6.110000, -0.172321, -0.202131
6.120000, -0.162462, -0.194160
6.130000, -0.152587, -0.186189
6.140000, -0.142697, -0.178219
6.150000, -0.132792, -0.170248
6.160000, -0.122874, -0.162277
6.170000, -0.112944, -0.154307
6.180000, -0.103002, -0.146336
6.190000, -0.093051, -0.138365
6.200000, -0.083089, -0.130395
6.210000, -0.073120, -0.122424
6.220000, -0.063143, -0.114453
6.230000, -0.053160, -0.106483
6.240000, -0.043172, -0.098512
6.250000, -0.033179, -0.090541
6.260000, -0.023183, -0.082571
6.270000, -0.013185, -0.074600
6.280000, -0.003185, -0.066629